22 serialization::archive 14 0 0 7 Ligue 1 0 0 3 0 2 1 0
0 3 PSG 13 Club de Paris 2 0 0 1970 1 1 0 0 5 0 5 15 Joueur_autonome 1 0
1 0 0 0 0 7 Benarfa 4 Atem 18 0 0 0  1.799999952e+00 75 7 Corbeil 0 0 0 0 10 1 0
2 5 1 2 0 -1 2 2010 9 16 0 0 1000000 22 Droit de jouer au foot 1.000000000e+06 5.000000000e+05 5.000000000e+05 5
3 11 Elquaidaifi 6 Nasser 24 0  1.799999952e+00 75 11 Rambouillet 0 0 10
4 5 3 2 0 -1 2 2010 9 16 1000000 22 Droit de jouer au foot 1.000000000e+06 5.000000000e+05 5.000000000e+05 12 19 Joueur_non_autonome 1 0
5 6 Edison 7 Khavani 32 0  1.799999952e+00 75 10 La Defense 0 0 10
6 12 5 2 0 -1 2 2010 9 16 1000000 22 Droit de jouer au foot 1.000000000e+06 5.000000000e+05 5.000000000e+05 0 12
7 7 Matuidi 6 Blaise 25 0  1.799999952e+00 75 9 Marseille 0 0 10
8 12 7 2 0 -1 2 2010 9 16 1000000 22 Droit de jouer au foot 1.000000000e+06 5.000000000e+05 5.000000000e+05 0 12
9 7 Meunier 6 Thomas 22 0  1.799999952e+00 80 10 Versailles 0 0 10
10 12 9 2 0 -1 2 2010 9 16 1000000 22 Droit de jouer au foot 1.000000000e+06 5.000000000e+05 5.000000000e+05 0 0 0 2 0 14 1 0
11 14 Coupe du monde 1994 1 1 14
12 7 Ligue 2 2012 1 1 15 1 0
13 45000 16 Parc des princes 0  0 5 Paris 0  0 0 0 0 17 1 0
14 1 0
15 5 Blanc 7 Laurent 45 1 0  0  3 0 14
16 15 Coupe de France 1998 1 1 14
17 14 Coupe d'Europe 2002 1 1 14 12 0 0 5 0 10 2 10 4 10 6 10 8 10 10 0 0 0 0 2
18 20 L'Olympique Lyonnais 12 Club de Lyon 1 1973 4 5 5 0 5
19 8 Valbuena 7 Mathieu 36 0  1.809999943e+00 81 4 Lyon 0 0 10
20 5 19 2 18 -1 2 2010 9 16 1000000 22 Droit de jouer au foot 1.000000000e+06 5.000000000e+05 5.000000000e+05 5
21 7 Grenier 7 Clement 32 0  1.809999943e+00 82 4 Lyon 0 0 10
22 5 21 2 18 -1 2 2010 9 16 1000000 22 Droit de jouer au foot 1.000000000e+06 5.000000000e+05 5.000000000e+05 12
23 9 LaCazette 9 Alexandre 41 0  1.809999943e+00 74 6 Annecy 0 0 10
24 12 23 2 18 -1 2 2010 9 16 1000000 22 Droit de jouer au foot 1.000000000e+06 5.000000000e+05 5.000000000e+05 0 12
25 8 Massiege 5 Rybus 28 0  1.809999943e+00 68 13 Saint-Etienne 0 0 10
26 12 25 2 18 -1 2 2010 9 16 1000000 22 Droit de jouer au foot 1.000000000e+06 5.000000000e+05 5.000000000e+05 0 12
27 8 Gonalons 6 Maxime 34 0  1.809999943e+00 71 12 Villefranche 0 0 10
28 12 27 2 18 -1 2 2010 9 16 1000000 22 Droit de jouer au foot 1.000000000e+06 5.000000000e+05 5.000000000e+05 0 3 0 14
29 15 Coupe de Russie 2009 1 1 14
30 15 Coupe de budget 2005 1 1 14
31 14 Coupe du Japon 2003 1 1 15
32 50000 7 Gerland 0  0 4 Lyon 0  0 0 17
33
34 7 Legrand 10 Jean-Louis 65 1 0  0  2 0 14 11 14 31 5 0 10 20 10 22 10 24 10 26 10 28 0 0 2
35 24 L'Olympique de Marseille 17 Club de Marseille 1 2016 11 27 5 0 5
36 7 Lassara 5 Diala 42 0  1.759999990e+00 82 9 Marseille 0 0 10
37 5 36 2 35 -1 2 2010 9 16 1000000 22 Droit de jouer au foot 1.000000000e+06 5.000000000e+05 5.000000000e+05 5
38 7 Clinton 4 Njie 37 0  1.759999990e+00 89 19 Les pennes mirabeau 0 0 10
39 5 38 2 35 -1 2 2010 9 16 1000000 22 Droit de jouer au foot 1.000000000e+06 5.000000000e+05 5.000000000e+05 12
40 9 Bafetimbi 5 Gomis 26 0  1.759999990e+00 74 11 Montpellier 0 0 10
41 12 40 2 35 -1 2 2010 9 16 1000000 22 Droit de jouer au foot 1.000000000e+06 5.000000000e+05 5.000000000e+05 0 12
42 8 Machache 8 Zinedine 26 0  1.759999990e+00 78 7 Aubagne 0 0 10
43 12 42 2 35 -1 2 2010 9 16 1000000 22 Droit de jouer au foot 1.000000000e+06 5.000000000e+05 5.000000000e+05 0 12
44 9 Vainqueur 7 William 29 0  1.769999981e+00 86 9 Vitrolles 0 0 10
45 12 44 2 35 -1 2 2010 9 16 1000000 22 Droit de jouer au foot 1.000000000e+06 5.000000000e+05 5.000000000e+05 0 2 0 14 17 14 16 15
46 70000 9 Velodrome 0  1 9 Marseille 0  0 0 17
47
48 8 Peuchere 6 Marius 52 1 0  0  2 0 14 30 14 29 5 0 10 37 10 39 10 41 10 43 10 45 0 0 0 0 3 0 22 1 0
49 10 Hiver 2017 0 0 0 0 22
50 12 Automne 2016 3 0 24 1 0
51 2000 1 1 2 35 2 0 0 0 0 0 -1 -1 0 0 -1 -1 0 0 0 0 -1 -1 0 0 0 0 24
52 2000 1 1 2 18 2 0 -1 -1 0 0 -1 -1 0 0 -1 -1 0 0 24
53 2000 1 1 2 18 2 35 -1 -1 0 0 -1 -1 0 0 -1 -1 0 0 22
54 8 Ete 2016 3 0 24
55 2000 1 1 2 35 2 0 -1 -1 0 0 -1 -1 0 0 -1 -1 0 0 24
56 2000 1 1 2 18 2 0 -1 -1 0 0 -1 -1 0 0 -1 -1 0 0 24
57 2000 1 1 2 18 2 35 -1 -1 0 0 -1 -1 0 0 -1 -1 0 0
