0 1000 3596.98
1 1001.08 3591.27
2 1002.71 3587.17
3 1003.9 3582.35
4 1005.36 3577.06
5 1006.97 3571.64
6 1008.36 3566.86
7 1009.71 3560.47
8 1011.65 3553.29
9 1013.62 3547.16
10 1015.91 3538.98
11 1017.52 3532.46
12 1019.42 3526.39
13 1021.57 3517.23
14 1023.95 3508.27
15 1026.15 3500.2
16 1028.58 3493.27
17 1030.52 3486.12
18 1032.53 3477.26
19 1035.31 3468.48
20 1038.23 3458.65
21 1039.88 3451.48
22 1042.09 3443.95
23 1044.53 3435.52
24 1046.37 3427.96
25 1048.61 3420.57
26 1050.97 3412.24
27 1052.77 3404.87
28 1054.95 3396.62
29 1057.3 3388.77
30 1059.87 3379.32
31 1062.24 3371.06
32 1064.41 3362.53
33 1066.89 3355.12
34 1069.08 3345.13
35 1072 3334.8
36 1074.66 3325.66
37 1077.13 3317.94
38 1079.1 3311.63
39 1080.67 3304.81
40 1083.11 3295.63
41 1085.49 3287.96
42 1087.77 3279.02
43 1089.98 3270.91
44 1092.21 3262.36
45 1094.69 3255.06
46 1097.04 3246.68
47 1099 3239.09
48 1101.21 3232.08
49 1103.03 3225.28
50 1104.76 3217.81
51 1107.06 3210.23
52 1109.76 3200.43
53 1112.16 3192.33
54 1113.96 3184.49
55 1116.33 3177.64
56 1118.08 3171.4
57 1119.66 3165.86
58 1121.62 3157.6
59 1123.82 3149.45
60 1125.9 3118.17
61 1135.15 3108.24
62 1137.49 3100.11
63 1139.86 3092.28
64 1141.87 3084.53
65 1144.12 3075.84
66 1146.4 3067.17
67 1149.22 3059.26
68 1150.87 3052.46
69 1152.91 3045.87
70 1155.01 3038.46
71 1156.49 3033.28
72 1158.2 3026.35
73 1160.24 3018.05
74 1162.29 3012.01
75 1164.65 3002.73
76 1166.6 2995.74
77 1168.44 2989.87
78 1170.32 2982.22
79 1172.3 2975.34
80 1174.15 2969.62
81 1175.71 2962.08
82 1177.87 2955.88
83 1179.77 2949.2
84 1181.56 2941.36
85 1183.77 2935.15
86 1185.29 2928.63
87 1187.04 2923.04
88 1189.1 2915.01
89 1190.94 2909.01
90 1192.95 2893.45
91 1197.25 2886.05
92 1199.4 2878.31
93 1201.29 1444.62
